0,273
0,270
10,298
10,24
10,7
10,79
10,235
10,263
10,34
10,316
10,2
10,3
11,4
9,7
9,4
9,1
9,6
9,3
8,9
8,8
8,11
8,7
8,13
8,4
56,4
56,3
56,2
56,1
56,0
55,6
55,5
55,4
55,3
55,2
55,1
55,0
54,4
54,3
54,2
54,1
54,0
53,4
53,3
53,2
53,1
53,0
49,3
49,2
49,1
49,0
48,3
48,2
48,1
48,0
46,3
46,2
46,1
46,0
45,3
45,2
45,1
45,0
44,3
44,2
44,1
44,0
20,3
20,2
20,1
19,3
19,2
19,1
12,3
12,2
12,1
11,30
11,29
11,28
11,27
11,26
11,25
11,24
11,23
11,22
11,21
11,19
11,18
11,17
11,16
11,15
11,14
11,13
11,12
11,10
11,9
11,8
11,7
11,5
11,3
11,2
11,1
10,296
10,291
10,283
10,281
10,280
10,264
18,1
10,254
18,3
10,241
10,222
10,221
